# PHA DATA for PSI muX-2019-Nov created by Akira Sato
# Date: 2020-12-23 12:45:51
# Root file: ./data/his28195.root
# Energy cut range (ns): 130.0 - 141.0
# PHA data format: binID, energy(keV) at the bin center, content
1, -996, 0
2, -988, 0
3, -980, 0
4, -972, 0
5, -964, 0
6, -956, 1
7, -948, 2
8, -940, 0
9, -932, 0
10, -924, 0
11, -916, 0
12, -908, 0
13, -900, 1
14, -892, 0
15, -884, 0
16, -876, 0
17, -868, 0
18, -860, 0
19, -852, 0
20, -844, 0
21, -836, 0
22, -828, 0
23, -820, 0
24, -812, 0
25, -804, 0
26, -796, 0
27, -788, 0
28, -780, 0
29, -772, 0
30, -764, 1
31, -756, 0
32, -748, 1
33, -740, 0
34, -732, 0
35, -724, 0
36, -716, 0
37, -708, 0
38, -700, 0
39, -692, 0
40, -684, 1
41, -676, 0
42, -668, 0
43, -660, 0
44, -652, 0
45, -644, 0
46, -636, 0
47, -628, 0
48, -620, 0
49, -612, 0
50, -604, 0
51, -596, 1
52, -588, 1
53, -580, 0
54, -572, 1
55, -564, 0
56, -556, 0
57, -548, 0
58, -540, 0
59, -532, 1
60, -524, 0
61, -516, 0
62, -508, 0
63, -500, 1
64, -492, 0
65, -484, 0
66, -476, 0
67, -468, 0
68, -460, 1
69, -452, 0
70, -444, 1
71, -436, 0
72, -428, 1
73, -420, 0
74, -412, 0
75, -404, 0
76, -396, 0
77, -388, 0
78, -380, 0
79, -372, 1
80, -364, 0
81, -356, 0
82, -348, 0
83, -340, 0
84, -332, 1
85, -324, 0
86, -316, 0
87, -308, 1
88, -300, 0
89, -292, 1
90, -284, 0
91, -276, 0
92, -268, 0
93, -260, 0
94, -252, 0
95, -244, 0
96, -236, 0
97, -228, 0
98, -220, 2
99, -212, 0
100, -204, 1
101, -196, 0
102, -188, 0
103, -180, 0
104, -172, 0
105, -164, 0
106, -156, 0
107, -148, 0
108, -140, 0
109, -132, 0
110, -124, 0
111, -116, 0
112, -108, 0
113, -100, 1
114, -92, 1
115, -84, 0
116, -76, 1
117, -68, 0
118, -60, 0
119, -52, 0
120, -44, 0
121, -36, 0
122, -28, 0
123, -20, 0
124, -12, 0
125, -4, 0
126, 4, 0
127, 12, 0
128, 20, 5
129, 28, 9
130, 36, 4
131, 44, 22
132, 52, 21
133, 60, 31
134, 68, 65
135, 76, 62
136, 84, 97
137, 92, 114
138, 100, 84
139, 108, 72
140, 116, 64
141, 124, 64
142, 132, 49
143, 140, 36
144, 148, 38
145, 156, 44
146, 164, 28
147, 172, 18
148, 180, 20
149, 188, 13
150, 196, 9
151, 204, 12
152, 212, 8
153, 220, 8
154, 228, 2
155, 236, 3
156, 244, 3
157, 252, 2
158, 260, 2
159, 268, 4
160, 276, 4
161, 284, 2
162, 292, 5
163, 300, 5
164, 308, 5
165, 316, 3
166, 324, 3
167, 332, 3
168, 340, 4
169, 348, 4
170, 356, 4
171, 364, 5
172, 372, 1
173, 380, 4
174, 388, 1
175, 396, 2
176, 404, 2
177, 412, 1
178, 420, 3
179, 428, 3
180, 436, 3
181, 444, 2
182, 452, 1
183, 460, 2
184, 468, 1
185, 476, 1
186, 484, 5
187, 492, 1
188, 500, 2
189, 508, 2
190, 516, 0
191, 524, 1
192, 532, 0
193, 540, 0
194, 548, 2
195, 556, 0
196, 564, 0
197, 572, 2
198, 580, 1
199, 588, 1
200, 596, 1
201, 604, 1
202, 612, 1
203, 620, 1
204, 628, 0
205, 636, 3
206, 644, 2
207, 652, 0
208, 660, 1
209, 668, 1
210, 676, 1
211, 684, 0
212, 692, 2
213, 700, 0
214, 708, 0
215, 716, 0
216, 724, 2
217, 732, 0
218, 740, 0
219, 748, 0
220, 756, 0
221, 764, 1
222, 772, 0
223, 780, 0
224, 788, 0
225, 796, 1
226, 804, 0
227, 812, 1
228, 820, 0
229, 828, 0
230, 836, 0
231, 844, 0
232, 852, 1
233, 860, 0
234, 868, 0
235, 876, 2
236, 884, 0
237, 892, 1
238, 900, 1
239, 908, 0
240, 916, 0
241, 924, 0
242, 932, 1
243, 940, 1
244, 948, 1
245, 956, 1
246, 964, 1
247, 972, 0
248, 980, 0
249, 988, 0
250, 996, 0
251, 1004, 1
252, 1012, 0
253, 1020, 0
254, 1028, 0
255, 1036, 1
256, 1044, 0
257, 1052, 0
258, 1060, 0
259, 1068, 0
260, 1076, 0
261, 1084, 0
262, 1092, 0
263, 1100, 2
264, 1108, 0
265, 1116, 2
266, 1124, 0
267, 1132, 0
268, 1140, 0
269, 1148, 0
270, 1156, 0
271, 1164, 0
272, 1172, 0
273, 1180, 0
274, 1188, 0
275, 1196, 1
276, 1204, 0
277, 1212, 0
278, 1220, 0
279, 1228, 0
280, 1236, 0
281, 1244, 2
282, 1252, 0
283, 1260, 0
284, 1268, 0
285, 1276, 0
286, 1284, 0
287, 1292, 0
288, 1300, 0
289, 1308, 0
290, 1316, 0
291, 1324, 0
292, 1332, 1
293, 1340, 0
294, 1348, 0
295, 1356, 0
296, 1364, 0
297, 1372, 1
298, 1380, 0
299, 1388, 0
300, 1396, 0
