# PHA DATA for PSI muX-2019-Nov created by Akira Sato
# Date: 2020-12-23 12:45:45
# Root file: ./data/his28191.root
# Energy cut range (ns): 130.0 - 141.0
# PHA data format: binID, energy(keV) at the bin center, content
1, -996, 0
2, -988, 0
3, -980, 0
4, -972, 0
5, -964, 0
6, -956, 0
7, -948, 0
8, -940, 1
9, -932, 1
10, -924, 0
11, -916, 0
12, -908, 0
13, -900, 1
14, -892, 1
15, -884, 1
16, -876, 0
17, -868, 0
18, -860, 0
19, -852, 0
20, -844, 0
21, -836, 0
22, -828, 0
23, -820, 0
24, -812, 1
25, -804, 0
26, -796, 0
27, -788, 0
28, -780, 0
29, -772, 0
30, -764, 0
31, -756, 0
32, -748, 1
33, -740, 0
34, -732, 1
35, -724, 0
36, -716, 0
37, -708, 0
38, -700, 0
39, -692, 0
40, -684, 0
41, -676, 0
42, -668, 0
43, -660, 0
44, -652, 0
45, -644, 0
46, -636, 0
47, -628, 0
48, -620, 0
49, -612, 0
50, -604, 0
51, -596, 0
52, -588, 0
53, -580, 2
54, -572, 1
55, -564, 0
56, -556, 0
57, -548, 0
58, -540, 0
59, -532, 1
60, -524, 0
61, -516, 1
62, -508, 0
63, -500, 0
64, -492, 1
65, -484, 0
66, -476, 0
67, -468, 0
68, -460, 0
69, -452, 0
70, -444, 0
71, -436, 0
72, -428, 0
73, -420, 0
74, -412, 0
75, -404, 0
76, -396, 0
77, -388, 0
78, -380, 1
79, -372, 1
80, -364, 0
81, -356, 0
82, -348, 1
83, -340, 0
84, -332, 0
85, -324, 0
86, -316, 0
87, -308, 0
88, -300, 0
89, -292, 0
90, -284, 0
91, -276, 0
92, -268, 0
93, -260, 0
94, -252, 0
95, -244, 0
96, -236, 0
97, -228, 1
98, -220, 0
99, -212, 0
100, -204, 0
101, -196, 0
102, -188, 0
103, -180, 1
104, -172, 0
105, -164, 0
106, -156, 0
107, -148, 0
108, -140, 0
109, -132, 0
110, -124, 1
111, -116, 0
112, -108, 0
113, -100, 0
114, -92, 0
115, -84, 0
116, -76, 0
117, -68, 1
118, -60, 1
119, -52, 0
120, -44, 0
121, -36, 0
122, -28, 1
123, -20, 0
124, -12, 0
125, -4, 0
126, 4, 0
127, 12, 1
128, 20, 6
129, 28, 12
130, 36, 15
131, 44, 11
132, 52, 19
133, 60, 46
134, 68, 65
135, 76, 93
136, 84, 96
137, 92, 102
138, 100, 97
139, 108, 79
140, 116, 62
141, 124, 57
142, 132, 43
143, 140, 37
144, 148, 31
145, 156, 36
146, 164, 32
147, 172, 34
148, 180, 29
149, 188, 19
150, 196, 16
151, 204, 10
152, 212, 9
153, 220, 9
154, 228, 4
155, 236, 5
156, 244, 3
157, 252, 5
158, 260, 4
159, 268, 3
160, 276, 2
161, 284, 6
162, 292, 5
163, 300, 1
164, 308, 4
165, 316, 1
166, 324, 2
167, 332, 4
168, 340, 3
169, 348, 4
170, 356, 2
171, 364, 4
172, 372, 2
173, 380, 4
174, 388, 0
175, 396, 2
176, 404, 4
177, 412, 4
178, 420, 4
179, 428, 2
180, 436, 1
181, 444, 3
182, 452, 0
183, 460, 1
184, 468, 3
185, 476, 0
186, 484, 2
187, 492, 2
188, 500, 2
189, 508, 0
190, 516, 2
191, 524, 2
192, 532, 2
193, 540, 2
194, 548, 4
195, 556, 0
196, 564, 0
197, 572, 0
198, 580, 0
199, 588, 3
200, 596, 0
201, 604, 2
202, 612, 1
203, 620, 0
204, 628, 1
205, 636, 1
206, 644, 1
207, 652, 1
208, 660, 2
209, 668, 0
210, 676, 1
211, 684, 0
212, 692, 2
213, 700, 0
214, 708, 0
215, 716, 0
216, 724, 0
217, 732, 2
218, 740, 1
219, 748, 2
220, 756, 0
221, 764, 0
222, 772, 0
223, 780, 0
224, 788, 0
225, 796, 1
226, 804, 0
227, 812, 0
228, 820, 1
229, 828, 0
230, 836, 0
231, 844, 1
232, 852, 1
233, 860, 1
234, 868, 0
235, 876, 1
236, 884, 0
237, 892, 0
238, 900, 1
239, 908, 0
240, 916, 1
241, 924, 0
242, 932, 0
243, 940, 0
244, 948, 0
245, 956, 0
246, 964, 0
247, 972, 0
248, 980, 0
249, 988, 2
250, 996, 0
251, 1004, 0
252, 1012, 1
253, 1020, 2
254, 1028, 0
255, 1036, 0
256, 1044, 0
257, 1052, 0
258, 1060, 2
259, 1068, 1
260, 1076, 0
261, 1084, 0
262, 1092, 0
263, 1100, 0
264, 1108, 0
265, 1116, 1
266, 1124, 1
267, 1132, 0
268, 1140, 0
269, 1148, 0
270, 1156, 0
271, 1164, 0
272, 1172, 0
273, 1180, 0
274, 1188, 0
275, 1196, 0
276, 1204, 0
277, 1212, 0
278, 1220, 0
279, 1228, 1
280, 1236, 0
281, 1244, 1
282, 1252, 0
283, 1260, 0
284, 1268, 0
285, 1276, 0
286, 1284, 0
287, 1292, 2
288, 1300, 0
289, 1308, 0
290, 1316, 1
291, 1324, 0
292, 1332, 0
293, 1340, 0
294, 1348, 0
295, 1356, 0
296, 1364, 0
297, 1372, 0
298, 1380, 0
299, 1388, 0
300, 1396, 2
