# PHA DATA for PSI muX-2019-Nov created by Akira Sato
# Date: 2020-12-23 12:45:48
# Root file: ./data/his28193.root
# Energy cut range (ns): 130.0 - 141.0
# PHA data format: binID, energy(keV) at the bin center, content
1, -996, 0
2, -988, 1
3, -980, 0
4, -972, 0
5, -964, 1
6, -956, 0
7, -948, 0
8, -940, 0
9, -932, 0
10, -924, 0
11, -916, 0
12, -908, 0
13, -900, 0
14, -892, 0
15, -884, 0
16, -876, 0
17, -868, 0
18, -860, 0
19, -852, 0
20, -844, 0
21, -836, 0
22, -828, 0
23, -820, 1
24, -812, 0
25, -804, 0
26, -796, 0
27, -788, 0
28, -780, 0
29, -772, 0
30, -764, 0
31, -756, 0
32, -748, 0
33, -740, 0
34, -732, 0
35, -724, 0
36, -716, 0
37, -708, 0
38, -700, 0
39, -692, 0
40, -684, 0
41, -676, 0
42, -668, 0
43, -660, 0
44, -652, 0
45, -644, 0
46, -636, 0
47, -628, 0
48, -620, 0
49, -612, 1
50, -604, 0
51, -596, 0
52, -588, 1
53, -580, 0
54, -572, 0
55, -564, 0
56, -556, 0
57, -548, 0
58, -540, 0
59, -532, 0
60, -524, 0
61, -516, 0
62, -508, 0
63, -500, 0
64, -492, 0
65, -484, 0
66, -476, 0
67, -468, 0
68, -460, 0
69, -452, 0
70, -444, 0
71, -436, 0
72, -428, 0
73, -420, 0
74, -412, 0
75, -404, 0
76, -396, 0
77, -388, 0
78, -380, 0
79, -372, 0
80, -364, 0
81, -356, 0
82, -348, 1
83, -340, 1
84, -332, 0
85, -324, 0
86, -316, 1
87, -308, 0
88, -300, 0
89, -292, 0
90, -284, 0
91, -276, 0
92, -268, 0
93, -260, 1
94, -252, 0
95, -244, 0
96, -236, 0
97, -228, 0
98, -220, 0
99, -212, 0
100, -204, 0
101, -196, 0
102, -188, 0
103, -180, 0
104, -172, 0
105, -164, 0
106, -156, 0
107, -148, 0
108, -140, 0
109, -132, 0
110, -124, 0
111, -116, 0
112, -108, 0
113, -100, 0
114, -92, 1
115, -84, 1
116, -76, 1
117, -68, 1
118, -60, 0
119, -52, 0
120, -44, 0
121, -36, 0
122, -28, 0
123, -20, 0
124, -12, 1
125, -4, 0
126, 4, 1
127, 12, 4
128, 20, 4
129, 28, 7
130, 36, 17
131, 44, 15
132, 52, 32
133, 60, 54
134, 68, 79
135, 76, 91
136, 84, 106
137, 92, 104
138, 100, 85
139, 108, 84
140, 116, 73
141, 124, 57
142, 132, 57
143, 140, 44
144, 148, 31
145, 156, 32
146, 164, 25
147, 172, 23
148, 180, 21
149, 188, 15
150, 196, 16
151, 204, 14
152, 212, 5
153, 220, 8
154, 228, 3
155, 236, 4
156, 244, 1
157, 252, 5
158, 260, 3
159, 268, 2
160, 276, 4
161, 284, 2
162, 292, 3
163, 300, 1
164, 308, 5
165, 316, 5
166, 324, 2
167, 332, 2
168, 340, 3
169, 348, 2
170, 356, 4
171, 364, 6
172, 372, 1
173, 380, 2
174, 388, 5
175, 396, 2
176, 404, 1
177, 412, 0
178, 420, 2
179, 428, 1
180, 436, 5
181, 444, 2
182, 452, 0
183, 460, 1
184, 468, 1
185, 476, 1
186, 484, 5
187, 492, 1
188, 500, 1
189, 508, 4
190, 516, 4
191, 524, 2
192, 532, 1
193, 540, 1
194, 548, 3
195, 556, 2
196, 564, 3
197, 572, 0
198, 580, 1
199, 588, 0
200, 596, 2
201, 604, 1
202, 612, 1
203, 620, 0
204, 628, 0
205, 636, 1
206, 644, 0
207, 652, 0
208, 660, 1
209, 668, 1
210, 676, 0
211, 684, 1
212, 692, 0
213, 700, 0
214, 708, 0
215, 716, 0
216, 724, 1
217, 732, 0
218, 740, 0
219, 748, 2
220, 756, 1
221, 764, 0
222, 772, 1
223, 780, 2
224, 788, 0
225, 796, 0
226, 804, 0
227, 812, 1
228, 820, 1
229, 828, 1
230, 836, 0
231, 844, 1
232, 852, 1
233, 860, 1
234, 868, 1
235, 876, 0
236, 884, 2
237, 892, 0
238, 900, 0
239, 908, 0
240, 916, 0
241, 924, 0
242, 932, 1
243, 940, 1
244, 948, 0
245, 956, 1
246, 964, 0
247, 972, 0
248, 980, 1
249, 988, 1
250, 996, 0
251, 1004, 1
252, 1012, 0
253, 1020, 0
254, 1028, 0
255, 1036, 0
256, 1044, 1
257, 1052, 2
258, 1060, 1
259, 1068, 2
260, 1076, 2
261, 1084, 1
262, 1092, 0
263, 1100, 1
264, 1108, 1
265, 1116, 0
266, 1124, 1
267, 1132, 0
268, 1140, 1
269, 1148, 0
270, 1156, 2
271, 1164, 0
272, 1172, 0
273, 1180, 0
274, 1188, 1
275, 1196, 1
276, 1204, 0
277, 1212, 0
278, 1220, 0
279, 1228, 0
280, 1236, 0
281, 1244, 0
282, 1252, 1
283, 1260, 0
284, 1268, 1
285, 1276, 1
286, 1284, 0
287, 1292, 0
288, 1300, 0
289, 1308, 0
290, 1316, 0
291, 1324, 1
292, 1332, 0
293, 1340, 2
294, 1348, 1
295, 1356, 0
296, 1364, 0
297, 1372, 0
298, 1380, 0
299, 1388, 1
300, 1396, 0
