# PHA DATA for PSI muX-2019-Nov created by Akira Sato
# Date: 2020-12-23 12:45:46
# Root file: ./data/his28192.root
# Energy cut range (ns): 130.0 - 141.0
# PHA data format: binID, energy(keV) at the bin center, content
1, -996, 0
2, -988, 0
3, -980, 2
4, -972, 1
5, -964, 0
6, -956, 0
7, -948, 0
8, -940, 0
9, -932, 1
10, -924, 0
11, -916, 2
12, -908, 0
13, -900, 0
14, -892, 0
15, -884, 0
16, -876, 0
17, -868, 0
18, -860, 1
19, -852, 0
20, -844, 0
21, -836, 0
22, -828, 0
23, -820, 0
24, -812, 0
25, -804, 0
26, -796, 0
27, -788, 1
28, -780, 2
29, -772, 0
30, -764, 0
31, -756, 0
32, -748, 0
33, -740, 0
34, -732, 0
35, -724, 0
36, -716, 0
37, -708, 1
38, -700, 1
39, -692, 0
40, -684, 0
41, -676, 0
42, -668, 0
43, -660, 0
44, -652, 0
45, -644, 1
46, -636, 0
47, -628, 0
48, -620, 0
49, -612, 0
50, -604, 0
51, -596, 1
52, -588, 0
53, -580, 0
54, -572, 0
55, -564, 1
56, -556, 0
57, -548, 0
58, -540, 1
59, -532, 0
60, -524, 0
61, -516, 0
62, -508, 1
63, -500, 1
64, -492, 0
65, -484, 0
66, -476, 0
67, -468, 0
68, -460, 1
69, -452, 0
70, -444, 0
71, -436, 0
72, -428, 0
73, -420, 0
74, -412, 0
75, -404, 0
76, -396, 0
77, -388, 0
78, -380, 1
79, -372, 0
80, -364, 0
81, -356, 0
82, -348, 0
83, -340, 0
84, -332, 0
85, -324, 0
86, -316, 0
87, -308, 0
88, -300, 0
89, -292, 0
90, -284, 0
91, -276, 0
92, -268, 0
93, -260, 0
94, -252, 0
95, -244, 0
96, -236, 0
97, -228, 0
98, -220, 1
99, -212, 0
100, -204, 0
101, -196, 0
102, -188, 0
103, -180, 0
104, -172, 1
105, -164, 0
106, -156, 1
107, -148, 0
108, -140, 1
109, -132, 0
110, -124, 0
111, -116, 0
112, -108, 0
113, -100, 0
114, -92, 0
115, -84, 0
116, -76, 1
117, -68, 0
118, -60, 0
119, -52, 0
120, -44, 1
121, -36, 0
122, -28, 0
123, -20, 0
124, -12, 1
125, -4, 0
126, 4, 0
127, 12, 2
128, 20, 7
129, 28, 19
130, 36, 14
131, 44, 11
132, 52, 25
133, 60, 27
134, 68, 59
135, 76, 86
136, 84, 109
137, 92, 115
138, 100, 89
139, 108, 102
140, 116, 59
141, 124, 49
142, 132, 66
143, 140, 37
144, 148, 31
145, 156, 36
146, 164, 27
147, 172, 32
148, 180, 30
149, 188, 12
150, 196, 14
151, 204, 5
152, 212, 6
153, 220, 7
154, 228, 7
155, 236, 5
156, 244, 5
157, 252, 5
158, 260, 2
159, 268, 4
160, 276, 5
161, 284, 4
162, 292, 2
163, 300, 4
164, 308, 3
165, 316, 3
166, 324, 5
167, 332, 2
168, 340, 1
169, 348, 2
170, 356, 2
171, 364, 3
172, 372, 2
173, 380, 3
174, 388, 1
175, 396, 7
176, 404, 1
177, 412, 2
178, 420, 4
179, 428, 2
180, 436, 5
181, 444, 2
182, 452, 1
183, 460, 4
184, 468, 2
185, 476, 2
186, 484, 1
187, 492, 3
188, 500, 1
189, 508, 1
190, 516, 0
191, 524, 2
192, 532, 1
193, 540, 1
194, 548, 0
195, 556, 0
196, 564, 0
197, 572, 0
198, 580, 1
199, 588, 2
200, 596, 1
201, 604, 2
202, 612, 1
203, 620, 1
204, 628, 1
205, 636, 3
206, 644, 1
207, 652, 2
208, 660, 1
209, 668, 0
210, 676, 0
211, 684, 1
212, 692, 0
213, 700, 0
214, 708, 0
215, 716, 1
216, 724, 0
217, 732, 1
218, 740, 0
219, 748, 0
220, 756, 0
221, 764, 1
222, 772, 0
223, 780, 0
224, 788, 1
225, 796, 0
226, 804, 0
227, 812, 1
228, 820, 3
229, 828, 0
230, 836, 1
231, 844, 0
232, 852, 0
233, 860, 0
234, 868, 0
235, 876, 0
236, 884, 1
237, 892, 3
238, 900, 1
239, 908, 0
240, 916, 2
241, 924, 0
242, 932, 1
243, 940, 0
244, 948, 1
245, 956, 0
246, 964, 0
247, 972, 0
248, 980, 0
249, 988, 0
250, 996, 2
251, 1004, 1
252, 1012, 1
253, 1020, 1
254, 1028, 2
255, 1036, 0
256, 1044, 0
257, 1052, 1
258, 1060, 0
259, 1068, 1
260, 1076, 0
261, 1084, 0
262, 1092, 0
263, 1100, 0
264, 1108, 0
265, 1116, 1
266, 1124, 0
267, 1132, 1
268, 1140, 0
269, 1148, 0
270, 1156, 0
271, 1164, 1
272, 1172, 0
273, 1180, 0
274, 1188, 0
275, 1196, 0
276, 1204, 0
277, 1212, 0
278, 1220, 0
279, 1228, 0
280, 1236, 1
281, 1244, 0
282, 1252, 0
283, 1260, 1
284, 1268, 1
285, 1276, 0
286, 1284, 1
287, 1292, 1
288, 1300, 0
289, 1308, 2
290, 1316, 0
291, 1324, 0
292, 1332, 0
293, 1340, 0
294, 1348, 0
295, 1356, 0
296, 1364, 0
297, 1372, 1
298, 1380, 0
299, 1388, 1
300, 1396, 1
