# PHA DATA for PSI muX-2019-Nov created by Akira Sato
# Date: 2020-12-23 12:45:49
# Root file: ./data/his28194.root
# Energy cut range (ns): 130.0 - 141.0
# PHA data format: binID, energy(keV) at the bin center, content
1, -996, 0
2, -988, 0
3, -980, 0
4, -972, 2
5, -964, 1
6, -956, 0
7, -948, 0
8, -940, 0
9, -932, 1
10, -924, 0
11, -916, 0
12, -908, 0
13, -900, 0
14, -892, 0
15, -884, 0
16, -876, 0
17, -868, 0
18, -860, 0
19, -852, 0
20, -844, 0
21, -836, 0
22, -828, 0
23, -820, 0
24, -812, 0
25, -804, 0
26, -796, 0
27, -788, 0
28, -780, 0
29, -772, 0
30, -764, 0
31, -756, 0
32, -748, 0
33, -740, 1
34, -732, 0
35, -724, 0
36, -716, 2
37, -708, 0
38, -700, 1
39, -692, 0
40, -684, 0
41, -676, 0
42, -668, 1
43, -660, 0
44, -652, 0
45, -644, 0
46, -636, 0
47, -628, 0
48, -620, 0
49, -612, 0
50, -604, 0
51, -596, 0
52, -588, 0
53, -580, 0
54, -572, 0
55, -564, 0
56, -556, 0
57, -548, 0
58, -540, 0
59, -532, 1
60, -524, 0
61, -516, 0
62, -508, 1
63, -500, 0
64, -492, 0
65, -484, 0
66, -476, 0
67, -468, 0
68, -460, 0
69, -452, 0
70, -444, 0
71, -436, 1
72, -428, 0
73, -420, 0
74, -412, 0
75, -404, 0
76, -396, 0
77, -388, 0
78, -380, 0
79, -372, 0
80, -364, 0
81, -356, 0
82, -348, 1
83, -340, 0
84, -332, 0
85, -324, 0
86, -316, 0
87, -308, 1
88, -300, 0
89, -292, 0
90, -284, 0
91, -276, 0
92, -268, 0
93, -260, 0
94, -252, 0
95, -244, 0
96, -236, 1
97, -228, 0
98, -220, 0
99, -212, 0
100, -204, 0
101, -196, 0
102, -188, 0
103, -180, 0
104, -172, 0
105, -164, 0
106, -156, 1
107, -148, 1
108, -140, 0
109, -132, 1
110, -124, 0
111, -116, 0
112, -108, 0
113, -100, 0
114, -92, 0
115, -84, 0
116, -76, 0
117, -68, 0
118, -60, 0
119, -52, 0
120, -44, 0
121, -36, 1
122, -28, 0
123, -20, 0
124, -12, 1
125, -4, 0
126, 4, 0
127, 12, 2
128, 20, 2
129, 28, 13
130, 36, 13
131, 44, 15
132, 52, 26
133, 60, 37
134, 68, 58
135, 76, 78
136, 84, 104
137, 92, 97
138, 100, 105
139, 108, 62
140, 116, 63
141, 124, 51
142, 132, 62
143, 140, 43
144, 148, 33
145, 156, 47
146, 164, 30
147, 172, 23
148, 180, 16
149, 188, 14
150, 196, 13
151, 204, 12
152, 212, 8
153, 220, 3
154, 228, 6
155, 236, 5
156, 244, 6
157, 252, 4
158, 260, 4
159, 268, 3
160, 276, 6
161, 284, 0
162, 292, 2
163, 300, 4
164, 308, 1
165, 316, 7
166, 324, 2
167, 332, 2
168, 340, 2
169, 348, 2
170, 356, 2
171, 364, 3
172, 372, 3
173, 380, 3
174, 388, 0
175, 396, 4
176, 404, 1
177, 412, 1
178, 420, 0
179, 428, 2
180, 436, 0
181, 444, 0
182, 452, 4
183, 460, 3
184, 468, 1
185, 476, 1
186, 484, 2
187, 492, 1
188, 500, 0
189, 508, 1
190, 516, 3
191, 524, 1
192, 532, 2
193, 540, 1
194, 548, 1
195, 556, 1
196, 564, 1
197, 572, 1
198, 580, 1
199, 588, 0
200, 596, 0
201, 604, 0
202, 612, 1
203, 620, 0
204, 628, 1
205, 636, 2
206, 644, 0
207, 652, 0
208, 660, 2
209, 668, 1
210, 676, 0
211, 684, 0
212, 692, 1
213, 700, 1
214, 708, 1
215, 716, 0
216, 724, 0
217, 732, 0
218, 740, 0
219, 748, 0
220, 756, 0
221, 764, 1
222, 772, 0
223, 780, 0
224, 788, 0
225, 796, 1
226, 804, 1
227, 812, 0
228, 820, 0
229, 828, 1
230, 836, 1
231, 844, 1
232, 852, 0
233, 860, 0
234, 868, 1
235, 876, 0
236, 884, 0
237, 892, 1
238, 900, 0
239, 908, 1
240, 916, 0
241, 924, 0
242, 932, 0
243, 940, 0
244, 948, 1
245, 956, 0
246, 964, 0
247, 972, 0
248, 980, 0
249, 988, 1
250, 996, 0
251, 1004, 1
252, 1012, 0
253, 1020, 0
254, 1028, 0
255, 1036, 2
256, 1044, 0
257, 1052, 1
258, 1060, 1
259, 1068, 0
260, 1076, 0
261, 1084, 3
262, 1092, 1
263, 1100, 0
264, 1108, 1
265, 1116, 0
266, 1124, 1
267, 1132, 0
268, 1140, 0
269, 1148, 0
270, 1156, 0
271, 1164, 0
272, 1172, 0
273, 1180, 0
274, 1188, 1
275, 1196, 0
276, 1204, 0
277, 1212, 0
278, 1220, 0
279, 1228, 0
280, 1236, 0
281, 1244, 0
282, 1252, 1
283, 1260, 1
284, 1268, 0
285, 1276, 0
286, 1284, 0
287, 1292, 2
288, 1300, 0
289, 1308, 0
290, 1316, 0
291, 1324, 0
292, 1332, 0
293, 1340, 0
294, 1348, 2
295, 1356, 0
296, 1364, 0
297, 1372, 1
298, 1380, 0
299, 1388, 0
300, 1396, 0
