# PHA DATA for PSI muX-2019-Nov created by Akira Sato
# Date: 2020-12-23 12:45:54
# Root file: ./data/his28197.root
# Energy cut range (ns): 130.0 - 141.0
# PHA data format: binID, energy(keV) at the bin center, content
1, -996, 0
2, -988, 1
3, -980, 0
4, -972, 0
5, -964, 0
6, -956, 0
7, -948, 0
8, -940, 0
9, -932, 0
10, -924, 0
11, -916, 0
12, -908, 1
13, -900, 0
14, -892, 0
15, -884, 0
16, -876, 0
17, -868, 0
18, -860, 0
19, -852, 0
20, -844, 0
21, -836, 0
22, -828, 1
23, -820, 0
24, -812, 0
25, -804, 0
26, -796, 0
27, -788, 0
28, -780, 1
29, -772, 0
30, -764, 0
31, -756, 1
32, -748, 0
33, -740, 0
34, -732, 0
35, -724, 1
36, -716, 0
37, -708, 0
38, -700, 0
39, -692, 1
40, -684, 0
41, -676, 0
42, -668, 0
43, -660, 0
44, -652, 0
45, -644, 0
46, -636, 0
47, -628, 1
48, -620, 0
49, -612, 0
50, -604, 0
51, -596, 0
52, -588, 0
53, -580, 2
54, -572, 0
55, -564, 0
56, -556, 2
57, -548, 2
58, -540, 0
59, -532, 0
60, -524, 0
61, -516, 0
62, -508, 0
63, -500, 0
64, -492, 0
65, -484, 0
66, -476, 0
67, -468, 1
68, -460, 0
69, -452, 0
70, -444, 0
71, -436, 0
72, -428, 0
73, -420, 0
74, -412, 0
75, -404, 0
76, -396, 0
77, -388, 0
78, -380, 0
79, -372, 0
80, -364, 0
81, -356, 0
82, -348, 0
83, -340, 0
84, -332, 0
85, -324, 1
86, -316, 0
87, -308, 0
88, -300, 0
89, -292, 0
90, -284, 0
91, -276, 0
92, -268, 0
93, -260, 0
94, -252, 0
95, -244, 1
96, -236, 0
97, -228, 0
98, -220, 0
99, -212, 1
100, -204, 1
101, -196, 0
102, -188, 0
103, -180, 0
104, -172, 0
105, -164, 0
106, -156, 0
107, -148, 0
108, -140, 0
109, -132, 0
110, -124, 0
111, -116, 0
112, -108, 0
113, -100, 0
114, -92, 0
115, -84, 0
116, -76, 0
117, -68, 0
118, -60, 0
119, -52, 0
120, -44, 0
121, -36, 0
122, -28, 0
123, -20, 0
124, -12, 0
125, -4, 0
126, 4, 0
127, 12, 1
128, 20, 13
129, 28, 17
130, 36, 17
131, 44, 25
132, 52, 46
133, 60, 72
134, 68, 123
135, 76, 159
136, 84, 227
137, 92, 213
138, 100, 225
139, 108, 177
140, 116, 144
141, 124, 138
142, 132, 130
143, 140, 92
144, 148, 79
145, 156, 75
146, 164, 70
147, 172, 49
148, 180, 40
149, 188, 40
150, 196, 16
151, 204, 10
152, 212, 9
153, 220, 9
154, 228, 1
155, 236, 6
156, 244, 6
157, 252, 5
158, 260, 2
159, 268, 6
160, 276, 1
161, 284, 7
162, 292, 4
163, 300, 6
164, 308, 1
165, 316, 4
166, 324, 3
167, 332, 4
168, 340, 2
169, 348, 1
170, 356, 4
171, 364, 2
172, 372, 2
173, 380, 1
174, 388, 3
175, 396, 2
176, 404, 10
177, 412, 1
178, 420, 4
179, 428, 1
180, 436, 3
181, 444, 1
182, 452, 2
183, 460, 1
184, 468, 2
185, 476, 0
186, 484, 3
187, 492, 1
188, 500, 3
189, 508, 3
190, 516, 3
191, 524, 0
192, 532, 3
193, 540, 2
194, 548, 1
195, 556, 1
196, 564, 1
197, 572, 0
198, 580, 0
199, 588, 2
200, 596, 1
201, 604, 3
202, 612, 2
203, 620, 1
204, 628, 1
205, 636, 1
206, 644, 2
207, 652, 0
208, 660, 3
209, 668, 2
210, 676, 2
211, 684, 0
212, 692, 2
213, 700, 1
214, 708, 1
215, 716, 0
216, 724, 2
217, 732, 1
218, 740, 3
219, 748, 0
220, 756, 0
221, 764, 1
222, 772, 0
223, 780, 0
224, 788, 2
225, 796, 0
226, 804, 1
227, 812, 2
228, 820, 0
229, 828, 0
230, 836, 0
231, 844, 0
232, 852, 0
233, 860, 1
234, 868, 0
235, 876, 0
236, 884, 1
237, 892, 0
238, 900, 1
239, 908, 1
240, 916, 2
241, 924, 0
242, 932, 1
243, 940, 0
244, 948, 0
245, 956, 0
246, 964, 0
247, 972, 2
248, 980, 1
249, 988, 0
250, 996, 1
251, 1004, 1
252, 1012, 1
253, 1020, 2
254, 1028, 0
255, 1036, 0
256, 1044, 3
257, 1052, 0
258, 1060, 0
259, 1068, 1
260, 1076, 1
261, 1084, 1
262, 1092, 0
263, 1100, 0
264, 1108, 0
265, 1116, 1
266, 1124, 0
267, 1132, 0
268, 1140, 1
269, 1148, 0
270, 1156, 0
271, 1164, 2
272, 1172, 1
273, 1180, 0
274, 1188, 1
275, 1196, 1
276, 1204, 1
277, 1212, 0
278, 1220, 0
279, 1228, 0
280, 1236, 0
281, 1244, 2
282, 1252, 0
283, 1260, 3
284, 1268, 2
285, 1276, 0
286, 1284, 0
287, 1292, 0
288, 1300, 1
289, 1308, 2
290, 1316, 0
291, 1324, 2
292, 1332, 0
293, 1340, 1
294, 1348, 0
295, 1356, 1
296, 1364, 1
297, 1372, 1
298, 1380, 2
299, 1388, 1
300, 1396, 0
