# PHA DATA for PSI muX-2019-Nov created by Akira Sato
# Date: 2020-12-23 12:45:41
# Root file: ./data/his28189.root
# Energy cut range (ns): 130.0 - 141.0
# PHA data format: binID, energy(keV) at the bin center, content
1, -996, 0
2, -988, 0
3, -980, 0
4, -972, 0
5, -964, 0
6, -956, 0
7, -948, 0
8, -940, 0
9, -932, 0
10, -924, 0
11, -916, 1
12, -908, 0
13, -900, 0
14, -892, 0
15, -884, 0
16, -876, 0
17, -868, 1
18, -860, 0
19, -852, 1
20, -844, 0
21, -836, 0
22, -828, 0
23, -820, 0
24, -812, 0
25, -804, 0
26, -796, 0
27, -788, 0
28, -780, 0
29, -772, 0
30, -764, 0
31, -756, 0
32, -748, 1
33, -740, 1
34, -732, 1
35, -724, 0
36, -716, 0
37, -708, 0
38, -700, 0
39, -692, 1
40, -684, 0
41, -676, 0
42, -668, 0
43, -660, 0
44, -652, 0
45, -644, 0
46, -636, 1
47, -628, 0
48, -620, 0
49, -612, 1
50, -604, 1
51, -596, 0
52, -588, 0
53, -580, 0
54, -572, 0
55, -564, 0
56, -556, 0
57, -548, 0
58, -540, 0
59, -532, 1
60, -524, 0
61, -516, 0
62, -508, 0
63, -500, 0
64, -492, 0
65, -484, 0
66, -476, 0
67, -468, 0
68, -460, 0
69, -452, 0
70, -444, 0
71, -436, 1
72, -428, 1
73, -420, 0
74, -412, 1
75, -404, 0
76, -396, 0
77, -388, 2
78, -380, 0
79, -372, 1
80, -364, 0
81, -356, 0
82, -348, 0
83, -340, 0
84, -332, 0
85, -324, 0
86, -316, 1
87, -308, 1
88, -300, 0
89, -292, 0
90, -284, 0
91, -276, 0
92, -268, 0
93, -260, 0
94, -252, 1
95, -244, 0
96, -236, 1
97, -228, 0
98, -220, 0
99, -212, 0
100, -204, 0
101, -196, 0
102, -188, 0
103, -180, 0
104, -172, 0
105, -164, 0
106, -156, 0
107, -148, 0
108, -140, 0
109, -132, 1
110, -124, 0
111, -116, 0
112, -108, 0
113, -100, 0
114, -92, 1
115, -84, 0
116, -76, 0
117, -68, 1
118, -60, 0
119, -52, 0
120, -44, 0
121, -36, 0
122, -28, 0
123, -20, 0
124, -12, 0
125, -4, 0
126, 4, 0
127, 12, 0
128, 20, 7
129, 28, 6
130, 36, 13
131, 44, 22
132, 52, 21
133, 60, 32
134, 68, 50
135, 76, 83
136, 84, 83
137, 92, 80
138, 100, 94
139, 108, 88
140, 116, 75
141, 124, 62
142, 132, 55
143, 140, 36
144, 148, 51
145, 156, 34
146, 164, 30
147, 172, 16
148, 180, 20
149, 188, 11
150, 196, 13
151, 204, 10
152, 212, 7
153, 220, 6
154, 228, 7
155, 236, 1
156, 244, 8
157, 252, 3
158, 260, 2
159, 268, 2
160, 276, 2
161, 284, 2
162, 292, 1
163, 300, 2
164, 308, 5
165, 316, 1
166, 324, 5
167, 332, 5
168, 340, 7
169, 348, 3
170, 356, 3
171, 364, 1
172, 372, 1
173, 380, 0
174, 388, 1
175, 396, 2
176, 404, 4
177, 412, 2
178, 420, 4
179, 428, 3
180, 436, 3
181, 444, 3
182, 452, 2
183, 460, 2
184, 468, 1
185, 476, 0
186, 484, 1
187, 492, 2
188, 500, 2
189, 508, 4
190, 516, 0
191, 524, 3
192, 532, 2
193, 540, 0
194, 548, 0
195, 556, 3
196, 564, 0
197, 572, 1
198, 580, 2
199, 588, 0
200, 596, 2
201, 604, 1
202, 612, 0
203, 620, 0
204, 628, 1
205, 636, 0
206, 644, 0
207, 652, 1
208, 660, 1
209, 668, 2
210, 676, 0
211, 684, 0
212, 692, 1
213, 700, 2
214, 708, 0
215, 716, 0
216, 724, 1
217, 732, 1
218, 740, 1
219, 748, 0
220, 756, 1
221, 764, 0
222, 772, 1
223, 780, 0
224, 788, 1
225, 796, 0
226, 804, 1
227, 812, 0
228, 820, 2
229, 828, 0
230, 836, 0
231, 844, 1
232, 852, 0
233, 860, 1
234, 868, 0
235, 876, 1
236, 884, 0
237, 892, 0
238, 900, 0
239, 908, 0
240, 916, 0
241, 924, 0
242, 932, 0
243, 940, 0
244, 948, 1
245, 956, 2
246, 964, 0
247, 972, 0
248, 980, 1
249, 988, 1
250, 996, 0
251, 1004, 0
252, 1012, 1
253, 1020, 0
254, 1028, 1
255, 1036, 1
256, 1044, 0
257, 1052, 1
258, 1060, 0
259, 1068, 0
260, 1076, 1
261, 1084, 1
262, 1092, 0
263, 1100, 0
264, 1108, 0
265, 1116, 0
266, 1124, 0
267, 1132, 1
268, 1140, 0
269, 1148, 0
270, 1156, 0
271, 1164, 0
272, 1172, 0
273, 1180, 0
274, 1188, 0
275, 1196, 0
276, 1204, 0
277, 1212, 0
278, 1220, 0
279, 1228, 0
280, 1236, 0
281, 1244, 1
282, 1252, 0
283, 1260, 1
284, 1268, 0
285, 1276, 0
286, 1284, 1
287, 1292, 2
288, 1300, 1
289, 1308, 0
290, 1316, 0
291, 1324, 1
292, 1332, 0
293, 1340, 1
294, 1348, 0
295, 1356, 0
296, 1364, 0
297, 1372, 0
298, 1380, 0
299, 1388, 0
300, 1396, 0
