#13 25 2276 2155
#13 30 2254 2148
#13 35 2218 2155
#13 40 2147 2158
#13 45 2058 2162
#13 50 1979 2169
#13 55 1910 2175
#14 00 1841 2182
#14 05 1778 2189
#14 10 1734 2196
#14 15 1690 2203
#14 20 1655 2210
#14 25 1616 2217
#14 30 1589 2224
#14 35 1562 2227
#14 40 1542 2231
#14 47 1515 2238
#14 51 1496 2245
#14 55 1488 2248
#15 00 1481 2251
#15 07 1435 2265
#15 10 1400 2272
#15 15 1366 2282
#15 20 1328 2293
#15 27 1274 2307
#15 30 1256 2307
#15 35 1237 2320
#15 40 1209 2327
#15 45 1190 2331
#15 50 1178 2334
#15 55 1166 2341
#16 00 1152 2348
#16 10 1132 2351
#16 20 1108 2369
#16 35 1091 2375
13 00 822 2588
13 05 826 2588
13 10 814 2595
13 40 712 2622
14 10 676 2536
14 15 674 2643
14 46 596 2670
15 17 566 2680
15 30 564 2684
15 35 558 2684
16 00 525 2701
16 30 513 2704
17 00 510 2704
17 05 514 2707
17 30 513 2714
17 39 516 2718
18 00 424 2711
18 10 376 2711
28 21 343 2718
18 32 311 2721
18 42 294 2721
18 50 276 2724
19 00 216 2731
#10 25 -16 2622
#10 40 -18 2622
#11 00 -20 2615
#11 15 -18 2615
#11 23 -19 2615
#11 33 -10 2608 
#11 38 104 2581
#11 44 220 2554
#11 50 340 2526
#11 56 450 2509
#12 01 546 2492
#12 07 626 2478
#15 15 1969 2417
